      0        0        0        0        0        0        0        0        0        0        0        0        0        0 0.170422        0        0        0        0 0.829099        0        0        0        0        0        0        0        0        0        0        0        0        0        0        0
       0        0        0        0        0        0        0        0        0        0        0        0        0        0        0        0        0        0        0        0        0        0        1        0        0        0        0        0        0        0        0        0        0        0        0
       0        0        0        0        0        0        0        0        0        0        0        0        0        0        0        0        1        0        0        0        0        0        0        0        0        0        0        0        0        0        0        0        0        0        0
       0        0        0        0        0        0        0        0        0        0        0        1        0        0        0        0        0        0        0        0        0        0        0        0        0        0        0        0        0        0        0        0        0        0        0
       0        0        0        0        0        0        0        0        0        0        0        0        0        0        0        0        0        0 0.883488 0.118761        0        0        0        0        0        0        0        0        0        0        0        0        0        0        0
       0        0        0        0        0        0        0        0        0        0        0        0        0        0        0        0        0        0        0        0        0        0        0        1        0        0        0        0        0        0        0        0        0        0        0
       0        0        0        0        0        0        0        0        0        0        0        0        0        0        0        0        0        0        0        0        0        0        0        0        1        0        0        0        0        0        0        0        0        0        0
       0        0        0        0        0        0        0        0        0        0        0        0        0        0        0        0        0        0        0        0        1        0        0        0        0        0        0        0        0        0        0        0        0        0        0
       0        0        0        0        0        0        0        0        0        0        0        0        0        0 0.819419 0.129869        0        0        0        0        0        0        0        0        0        0        0        0        0        0        0        0        0        0        0
       0        0        0        0        0        0        0        0        0        0        0        0        1        0        0        0        0        0        0        0        0        0        0        0        0        0        0        0        0        0        0        0        0        0        0
       0        0        0        0        0        0        0        0        0        0        0        0        0 0.886283        0        0        0        0 0.116387        0        0        0        0        0        0        0        0        0        0        0        0        0        0        0        0
       0        0        0        0        0        0        0        0        0        0        0        0        0        0        0        0        0        0        0        0        0        0        0        0        0        0        0        0        0        0        0        0        0        0        1
       0        0        0        0        0        0        0        0        0        0        0        0        0        0        0        0        0        0        0        0        0        0        0        0        0        0        0        0        0        0        0        0        0        1        0
       0        0        0        0        0        0        0        0        0        0        0        0        0        0        0        0        0        0        0        0        0        0        0        0        0        0        0        0        1        0        0        0        0        0        0
       0        0        0        0        0        0        0        0        0        0        0        0        0        0        0        0        0        0        0        0        0        0        0        0        0        1        0        0        0        0        0        0        0        0        0
       0        0        0        0        0        0        0        0        0        0        0        0        0        0        0        0        0        0        0        0        0        1        0        0        0        0        0        0        0        0        0        0        0        0        0
       0        0        0        0        0        0        0        0        0        0        0        0        0        0        0        0        0        0        0        0        0        0        0        0        0        0        0        0        0        1        0        0        0        0        0
       0        0        0        0        0        0        0        0        0        0        0        0        0        0        0        0        0        0        0        0        0        0        0        0        0        0        0        0        0        0        0        1        0        0        0
       0        0        0        0        0        0        0        0        0        0        0        0        0        0        0        0        0        0        0        0        0        0        0        0        0        0        0        0        0        0        1        0        0        0        0
       0        0        0        0        0        0        0        0        0        0        0        0        0        0        0        0        0        0        0        0        0        0        0        0        0        0        0        0        0        0        0        0        1        0        0
       0        0        0        0        0        0        0        0        0        0        0        0        0        0        0 0.808661        0 0.112278        0        0        0        0        0        0        0        0        0        0        0        0        0        0        0        0        0
       0        0        0        0        0        0        0        0        0        0        0        0        0        0        0        0        0        0        0        0        0        0        0        0        0        0        1        0        0        0        0        0        0        0        0
       0        0        0        0        0        0        0        0        0        0        0        0        0 0.113675        0        0        0 0.887624        0        0        0        0        0        0        0        0        0        0        0        0        0        0        0        0        0
       0        0        0        0        0        0        0        0        0        0        1        0        0        0        0        0        0        0        0        0        0        0        0        0        0        0        0        0        0        0        0        0        0        0        0
       0        0        0        0        0        0        0        0        0        0        0        0        0        0        0        0        0        0        0        0        0        0        0        0        0        0        0        1        0        0        0        0        0        0        0
       0        0        0        0        0        0        0        0        0        0        0        0        0        0        0        0        0        0        0        0        0        0        0        0        0        0        0        0        0        0        0        0        0        0        0
       0        0        0        0        0        0        0        0        0        0        0        0        0        0        0        0        0        0        0        0        0        0        0        0        0        0        0        0        0        0        0        0        0        0        0
       0        0        0        0        0        0        0        0        0        0        0        0        0        0        0        0        0        0        0        0        0        0        0        0        0        0        0        0        0        0        0        0        0        0        0
       0        0        0        0        0        0        0        0        0        0        0        0        0        0        0        0        0        0        0        0        0        0        0        0        0        0        0        0        0        0        0        0        0        0        0
       0        0        0        0        0        0        0        0        0        0        0        0        0        0        0        0        0        0        0        0        0        0        0        0        0        0        0        0        0        0        0        0        0        0        0
       0        0        0        0        0        0        0        0        0        0        0        0        0        0        0        0        0        0        0        0        0        0        0        0        0        0        0        0        0        0        0        0        0        0        0
       0        0        0        0        0        0        0        0        0        0        0        0        0        0        0        0        0        0        0        0        0        0        0        0        0        0        0        0        0        0        0        0        0        0        0
       0        0        0        0        0        0        0        0        0        0        0        0        0        0        0        0        0        0        0        0        0        0        0        0        0        0        0        0        0        0        0        0        0        0        0
       0        0        0        0        0        0        0        0        0        0        0        0        0        0        0        0        0        0        0        0        0        0        0        0        0        0        0        0        0        0        0        0        0        0        0
       0        0        0        0        0        0        0        0        0        0        0        0        0        0        0        0        0        0        0        0        0        0        0        0        0        0        0        0        0        0        0        0        0        0        0

