0.0000 0.0000 0.0000 0.0000 0.0800 0.0000 0.0000 0.0000 0.9100 0.0000 0.0000 0.0000
0.0000 0.0000 0.0000 0.2500 0.0000 0.0000 0.0000 0.7500 0.0000 0.0000 0.0000 0.0000
0.0000 0.0000 0.0000 0.7100 0.0000 0.0000 0.0000 0.2400 0.0600 0.0000 0.0000 0.0000
0.0000 0.0000 0.0000 0.0000 0.8400 0.0000 0.1400 0.0000 0.0000 0.0000 0.0000 0.0000
0.0000 0.0000 0.0000 0.0200 0.0000 0.9900 0.0000 0.0000 0.0000 0.0000 0.0000 0.0000
0.0000 0.0000 0.0000 0.0000 0.0000 0.0000 0.8500 0.0000 0.0000 0.0000 0.1300 0.0000
0.0000 0.0000 0.0000 0.0000 0.0600 0.0000 0.0000 0.0000 0.0000 0.0000 0.8600 0.0600
0.0000 0.0000 0.0000 0.0000 0.0000 0.0000 0.0000 0.0000 0.0200 0.0300 0.0000 0.9200
0.0000 0.0000 0.0000 0.0000 0.0000 0.0000 0.0000 0.0000 0.0000 0.9600 0.0000 0.0000
0.0000 0.0000 0.0000 0.0000 0.0000 0.0000 0.0000 0.0000 0.0000 0.0000 0.0000 0.0000
0.0000 0.0000 0.0000 0.0000 0.0000 0.0000 0.0000 0.0000 0.0000 0.0000 0.0000 0.0000
0.0000 0.0000 0.0000 0.0000 0.0000 0.0000 0.0000 0.0000 0.0000 0.0000 0.0000 0.0000
