0.00	10000000000.00	0.00	0.00	0.00	0.00	0.00	0.00	0.00	0.00	0.00	0.00	
10000000000.00	0.00	0.00	0.00	0.00	0.00	0.00	0.00	0.00	0.00	0.00	0.00	
10000000000.00	10000000000.00	0.00	0.00	0.00	0.00	0.00	0.00	0.00	0.00	0.00	0.00
10000000000.00	10000000000.00	521.00	0.00	295.00	414.00	524.00	321.00	514.00	0.00	0.00	0.00	
10000000000.00	10000000000.00	441.00	230.00	0.00	313.00	632.00	542.00	745.00	0.00	0.00	0.00	
10000000000.00	10000000000.00	392.00	492.00	310.00	0.00	215.00	412.00	236.00	0.00	0.00	0.00	
10000000000.00	10000000000.00	509.00	332.00	613.00	632.00	0.00	365.00	741.00	0.00	0.00	0.00
10000000000.00	10000000000.00	392.00	777.00	450.00	345.00	236.00	00.00	652.00	0.00	0.00	0.00	
10000000000.00	10000000000.00	509.00	332.00	634.00	412.00	360.00	530.00	0.00	0.00	0.00	0.00	
10000000000.00	10000000000.00	10000000000.00	10000000000.00	10000000000.00	10000000000.00	10000000000.00	10000000000.00	10000000000.00	0.00	10000000000.00	10000000000.00
10000000000.00	10000000000.00	10000000000.00	10000000000.00	10000000000.00	10000000000.00	10000000000.00	10000000000.00  10000000000.00	10000000000.00	0.00	10000000000.00	
10000000000.00	10000000000.00	10000000000.00	10000000000.00	10000000000.00	10000000000.00	10000000000.00	10000000000.00	10000000000.00	10000000000.00	10000000000.00	0.00

