0.00		10000000000.00	0.00		0.00		0.00		0.00		0.00		0.00		0.00		0.00	
10000000000.00	0.00		0.00		0.00		0.00		0.00		0.00		0.00		0.00		0.00
10000000000.00  10000000000.00	0.00		562.00		198.00		199.00		344.00		240.00		0.00		0.00
10000000000.00	10000000000.00	329.00		0.00		230.00		295.00		414.00		347.00		0.00		0.00	
10000000000.00	10000000000.00	441.00		540.00		0.00		372.00		212.00		432.00		0.00		0.00	
10000000000.00	10000000000.00	392.00		492.00		290.00		0.00		611.00		289.00		0.00		0.00		
10000000000.00	10000000000.00	509.00		332.00		613.00		239.00		0.00		654.00		0.00		0.00	
10000000000.00	10000000000.00	320.00		451.00		280.00		320.00		412.00		0.00		0.00		0.00
10000000000.00	10000000000.00	10000000000.00	10000000000.00	10000000000.00	10000000000.00	10000000000.00	10000000000.00	0.00		10000000000.00
10000000000.00	10000000000.00	10000000000.00	10000000000.00	10000000000.00	10000000000.00	10000000000.00	10000000000.00	10000000000.00	0.00	

